iter      cost      cost_change  |gradient|   |step|    tr_ratio  tr_radius  ls_iter  iter_time  total_time
   0  4.508295e+10    0.00e+00    1.33e+10   0.00e+00   0.00e+00  1.00e+04        0    2.41e-03    2.51e-03
   1  2.992725e+10    1.52e+10    4.17e+09   1.17e+01   5.64e-01  1.00e+04        1    1.87e-03    4.45e-03
   2  3.339506e+10   -3.47e+09    0.00e+00   9.97e+00  -5.15e-01  5.01e+03        1    4.20e-05    4.51e-03
   3  3.339179e+10   -3.46e+09    0.00e+00   9.97e+00  -5.14e-01  1.25e+03        1    3.81e-05    4.56e-03
   4  3.337223e+10   -3.44e+09    0.00e+00   9.96e+00  -5.12e-01  1.57e+02        1    3.50e-05    4.61e-03
   5  3.319318e+10   -3.27e+09    0.00e+00   9.85e+00  -4.85e-01  9.79e+00        1    2.60e-05    4.65e-03
   6  3.090072e+10   -9.73e+08    0.00e+00   8.35e+00  -1.47e-01  3.06e-01        1    2.19e-05    4.68e-03
   7  2.797797e+10    1.95e+09    2.06e+09   1.47e+00   8.44e-01  4.53e-01        1    1.81e-03    6.50e-03
   8  2.723063e+10    7.47e+08    7.04e+08   1.40e+00   7.95e-01  5.70e-01        1    1.82e-03    8.33e-03
   9  2.707925e+10    1.51e+08    2.12e+08   8.40e-01   7.91e-01  7.09e-01        1    1.84e-03    1.02e-02
  10  2.705644e+10    2.28e+07    5.75e+07   3.91e-01   7.86e-01  8.72e-01        1    1.81e-03    1.20e-02
  11  2.705397e+10    2.47e+06    1.31e+07   1.55e-01   7.57e-01  1.01e+00        1    1.64e-03    1.37e-02
  12  2.705381e+10    1.55e+05    2.36e+06   4.51e-02   7.16e-01  1.10e+00        1    1.26e-03    1.49e-02
Ceres Solver Report: Iterations: 13, Initial cost: 4.508295e+10, Final cost: 2.705381e+10, Termination: CONVERGENCE
Initial deg: 45	tx: 1250	ty: 500
Final deg: 42.1582	tx: 1247.03	ty: 509.109
